


 9.46435352232244e-001    4.35812340097749e-004
 3.42253930821186e+000    6.71699188422285e-002
 4.65051016753767e+000    2.40404812870982e-001
 6.13105320362633e+000    3.96670628281441e-001
 6.84317467788093e+000    5.27937868776509e-001
 7.00260625764535e+000    5.66782638018860e-001
 8.11985154975454e+000    6.24373499436916e-001
 8.73223049142061e+000    6.67233445097090e-001
 8.94709116745524e+000    7.52291093967210e-001
 9.92706223558092e+000    7.92022767432271e-001
 1.05431540486919e+001    8.34882685462169e-001
 1.14015363878617e+001    7.10747841469720e-001
 1.18584325412555e+001    6.73461254000492e-001
 1.21001224276266e+001    6.11618479961610e-001
 1.28509934508170e+001    4.59131353438454e-001
 1.32668886128790e+001    4.49751648454135e-001
 1.34677432895731e+001    3.86792915206212e-001
 1.41255336522094e+001    2.79626763008196e-001
 1.44522892937485e+001    2.75605784232456e-001
 1.47643452034840e+001    2.45017853196434e-001
 1.54478221582825e+001    1.90985633149258e-001
 1.56743136926423e+001    1.89867684560359e-001
 1.68887542184524e+001    1.31812966072274e-001
 1.79990953422624e+001    9.80935577291467e-002
 1.89608489193948e+001    7.71006544167060e-002
 1.99745227603122e+001    6.66002378159092e-002
 2.10178715174322e+001    6.10111579980360e-002
 2.18273297774160e+001    5.18517768328979e-002
 2.27741336750192e+001    4.80494364295154e-002
 2.36838241610949e+001    4.15683407879109e-002
 2.46046405090704e+001    3.73196885396290e-002
