
 2.46965598336394e-001    8.51095419869437e-000
 5.03507359372556e-001    8.83805904875548e-000
 7.00732751380063e-001    9.14354165097864e-000
 9.53216286195891e-001    9.66760080399914e-000
 1.13616895566999e+000    1.05858373349861e+001
 1.31866865156369e+000    1.10007935726409e+001
 1.49261861593980e+000    1.13282598747661e+001
 1.62235210296750e+000    1.19403835794181e+001
 1.83946430950491e+000    1.31648163487549e+001
 1.91831299200056e+000    1.37115172297943e+001
 2.04622415820479e+000    1.46518764807081e+001
 2.15078111876365e+000    1.55266924239879e+001
 2.22770900791835e+000    1.62922200918691e+001
 2.30061805985971e+000    1.72984655664776e+001
 2.37829434014725e+000    1.88954998059512e+001
 2.45818683132816e+000    2.06019335368432e+001
 2.53010073159288e+000    2.28554481368420e+001
 2.57597154723495e+000    2.44088578925723e+001
 2.61635570590314e+000    2.69250925352039e+001
 2.66492466852413e+000    3.14763022990437e+001
 2.68826844766765e+000    3.38832023262684e+001
 2.70866731928845e+000    3.53710780423664e+001
 2.73250346101936e+000    3.83250218666914e+001
 2.75320701819425e+000    4.25043623325243e+001
 2.78688346067181e+000    4.46267532452487e+001
 2.80386475668599e+000    4.46704426050036e+001
 2.81643448391712e+000    3.98126195427400e+001
 2.82478842889995e+000    3.49766967683637e+001
 2.83311456987784e+000    2.30510585795629e+001
 2.83938205599032e+000    1.11910749144158e+001
 2.87922635356268e+000    6.04866859363868e-000
 2.88118769441082e+000    1.16901011949930e-000
 2.91232354593743e+000    4.68655039186269e-001
 5.00013786152447e+000    1.53172263188077e-001
