%Generated by GetData Graph Digitizer 2.26.0.20 on November 12 2021, 22:20
%from file 'C:\Users\Teresa\Desktop\Labview Lorenzo\stopping power 50 MeV.bmp'

%Line #1
 2.34152220957362e-001    7.02626785050100e-000
 4.24858125852372e-001    7.20023626906214e-000
 5.96512460128715e-001    7.37427865378763e-000
 8.82666416825400e-001    7.72258532173168e-000
 1.16882037352209e+000    8.07089198967573e-000
 1.37857784903576e+000    8.24478644207252e-000
 1.51212904207477e+000    8.41897675912672e-000
 1.68397357505945e+000    8.76772722405690e-000
 1.83638614000879e+000    8.76713549474206e-000
 2.00842087170181e+000    9.29059403987692e-000
 2.18026540468650e+000    9.63934450480710e-000
 2.35210993767118e+000    9.98809496973727e-000
 2.52395447065586e+000    1.03368454346674e+001
 2.67693763173022e+000    1.08603779459667e+001
 2.84916256213158e+000    1.15585445713062e+001
 3.00214572320593e+000    1.20820770826054e+001
 3.15550928169697e+000    1.29550257543140e+001
 3.23247635900499e+000    1.36535622104753e+001
 3.30906303889634e+000    1.40026825062272e+001
 3.38583991749603e+000    1.45265108821839e+001
 3.46280699480405e+000    1.52250473383452e+001
 3.53996427082042e+000    1.60982918747112e+001
 3.61731174554512e+000    1.71462444912819e+001
 3.69465922026983e+000    1.81941971078525e+001
 3.75333552179255e+000    1.95916398509969e+001
 3.81201182331526e+000    2.09890825941413e+001
 3.85144635551097e+000    2.22118912232454e+001
 3.89126128512336e+000    2.37841160127588e+001
 3.91259524024210e+000    2.58805390090506e+001
 3.93297820181914e+000    2.71034216043191e+001
 3.97393432368157e+000    2.97238948750606e+001
 3.99640947105035e+000    3.28685663525805e+001
 4.01774342616909e+000    3.49649893488723e+001
 4.03831658645447e+000    3.63625800243454e+001
 4.07802232791948e+000    3.97789538789265e+001
 4.09698936577889e+000    3.97012318771157e+001
 4.11816129977571e+000    3.77599405828628e+001
 4.14799079720027e+000    3.59933244949637e+001
 4.15581359963031e+000    2.95678920159748e+001
 4.16780668485060e+000    2.30842070733256e+001
 4.19899927301827e+000    1.67363322268934e+001
 4.20093648208469e+000    1.07379885993485e+001
 4.22590182365339e+000    6.44781957140013e-000
 4.26147250431117e+000    2.17702146004982e-000
 4.27322255784858e+000    1.30343174825017e-000
 4.29534548538710e+000    2.35680855020682e-001
 5.00012679913889e+000    1.16472053469788e-001
