%Generated by GetData Graph Digitizer 2.26.0.20 on November 12 2021, 22:31
%from file 'C:\Users\Teresa\Desktop\Labview Lorenzo\stopping power 45 MeV.bmp'

%Line #1
 3.02388819217932e-001    7.73874319643741e-000
 6.22232952643037e-001    8.05541810984661e-000
 8.34058718621633e-001    8.27313211281544e-000
 9.86784342063852e-001    8.62939139040079e-000
 1.21568432014001e+000    8.98565066798615e-000
 1.44458429821617e+000    9.34190994557150e-000
 1.63558555606253e+000    9.87629886194953e-000
 1.76926759084626e+000    1.02325581395349e+001
 1.84139849397660e+000    1.04106877783276e+001
 1.92008665675662e+000    1.07867392380010e+001
 2.04729519059608e+000    1.10242454230579e+001
 2.14934260933076e+000    1.14794656110836e+001
 2.22377792384365e+000    1.18357248886690e+001
 2.30433076480283e+000    1.19742701632855e+001
 2.38517676123094e+000    1.23899059871351e+001
 2.45766363885927e+000    1.29045027214250e+001
 2.53436148540201e+000    1.33993072736269e+001
 2.62388069577519e+000    1.40128649183572e+001
 2.68978937407748e+000    1.43097476496784e+001
 2.76460160276471e+000    1.50222662048491e+001
 2.85923218813545e+000    1.64670954972786e+001
 2.93846478250063e+000    1.73577436912420e+001
 3.01193582491750e+000    1.88025729836715e+001
 3.08368876688968e+000    2.06234537357744e+001
 3.16430337989410e+000    2.28203859475507e+001
 3.24370244468627e+000    2.58683819891143e+001
 3.29098528087330e+000    2.85601187530925e+001
 3.31247881166499e+000    3.08758040573973e+001
 3.33374200601681e+000    3.29737753587333e+001
 3.36116460616761e+000    3.48936170212766e+001
 3.37484344974467e+000    3.78228599703117e+001
 3.40035949236361e+000    3.99406234537358e+001
 3.44075108106314e+000    4.01187530925285e+001
 3.46386220185304e+000    3.39633844631371e+001
 3.48265765534675e+000    2.77288471053934e+001
 3.50702725068541e+000    1.87629886194953e+001
 3.50594257545037e+000    9.73775358733300e-000
 3.53500265829191e+000    5.20534388916378e-000
 3.56180020910361e+000    5.34388916378031e-001
 3.58671004809215e+000    7.91687283523008e-002
 4.99587278979099e+000    1.97921820880752e-002
